20 19
00 00 00 00 00 00 01 00 00 00 00 00 00 00 00 00 00 00 00 
00 00 00 00 00 10 00 00 20 00 10 00 00 00 00 00 00 00 00 
00 00 00 00 30 00 00 20 00 10 00 10 10 00 00 00 00 00 00 
00 00 01 00 00 00 20 00 20 10 10 00 20 00 00 00 00 00 00 
00 10 00 10 00 10 10 00 20 00 10 00 10 10 00 00 00 00 00 
00 00 10 00 10 00 20 20 10 00 20 10 03 00 10 00 00 00 00 
00 10 00 00 00 20 00 00 20 20 00 20 00 10 20 03 02 00 00 
10 10 10 10 10 00 10 10 10 00 02 00 00 00 00 00 00 00 00 
00 20 10 00 00 01 00 00 00 00 00 00 00 10 00 00 00 00 00 
20 00 00 20 00 00 00 00 20 00 00 00 10 00 00 00 10 10 00 
20 20 00 20 00 00 00 00 00 00 00 10 00 10 00 10 10 00 00 
20 10 30 10 00 00 00 00 00 00 00 00 10 00 10 00 20 10 00 
20 30 00 00 00 00 10 00 00 00 10 00 00 10 10 10 10 00 00 
10 20 20 00 00 10 00 00 30 00 00 00 00 00 10 00 00 00 00 
20 00 10 10 00 00 00 00 10 20 10 00 00 10 00 00 00 00 00 
00 10 00 00 10 10 00 00 00 10 10 00 00 20 00 00 00 00 00 
00 00 10 20 10 20 00 00 20 10 20 20 00 00 00 00 00 00 00 
00 00 00 00 10 10 00 20 20 20 00 00 00 20 00 00 00 00 00 
00 00 00 20 00 00 03 20 10 20 20 20 10 00 00 00 00 00 00 
00 00 00 00 00 02 00 00 10 00 00 10 00 00 00 00 00 00 00 
OlaJanekUla 1 82
Mosad 2 90
zajawkowicze 3 93
