16 14
00 00 00 00 00 00 00 00 00 00 00 00 00 00 
00 00 00 00 10 00 00 00 00 00 00 00 00 00 
00 00 20 00 00 10 00 00 00 00 00 00 00 00 
00 30 00 00 10 00 00 00 00 10 00 00 00 00 
00 00 01 00 10 10 10 10 10 10 00 00 00 00 
00 00 10 01 10 00 10 00 20 20 10 00 02 10 
10 10 00 00 10 00 10 20 20 00 00 00 10 10 
00 00 00 20 10 10 00 10 00 10 10 10 10 00 
10 00 00 00 00 00 10 20 10 10 10 10 10 10 
00 10 10 02 10 10 00 20 10 00 00 10 00 10 
00 00 00 10 00 00 03 20 00 00 00 03 10 03 
00 00 00 02 00 00 10 10 10 00 10 00 20 00 
00 00 10 00 00 00 10 00 00 00 00 30 00 01 
00 00 20 00 00 00 00 00 30 00 20 00 20 20 
00 00 10 10 00 00 10 10 00 20 00 20 00 00 
00 00 00 00 00 10 00 10 10 00 00 00 00 00 
OlaJanekUla 1 46
Mosad 2 50
zajawkowicze 3 48
