18 19
00 00 00 00 00 00 00 00 00 00 00 00 00 00 00 00 00 00 00
00 00 00 00 00 00 00 00 00 10 30 00 00 00 00 00 00 00 00
00 00 00 00 00 00 00 00 10 30 20 10 20 10 00 00 00 00 00
00 00 00 00 00 20 10 20 30 10 30 10 30 30 00 00 00 00 00
00 00 00 00 00 10 20 20 20 20 20 20 20 10 00 00 00 00 00
10 10 20 10 10 30 20 20 20 10 20 10 10 20 10 00 00 00 00
20 10 10 20 30 20 10 30 20 20 20 20 30 20 30 00 00 00 00
00 20 20 10 30 10 10 10 10 10 20 20 10 10 30 20 10 30 00
00 30 30 10 10 20 10 10 10 10 10 30 20 10 10 20 10 10 10
00 10 10 10 20 20 30 10 30 10 10 10 30 30 30 10 20 20 20
00 00 20 10 10 10 20 20 10 20 30 20 10 20 10 10 10 10 30
00 10 10 20 10 20 10 10 10 30 10 10 10 10 30 20 30 10 30
00 10 20 30 10 20 20 20 20 10 20 10 20 20 20 30 10 10 10
00 10 10 20 10 30 10 20 10 20 10 20 20 10 10 10 10 20 20
00 00 00 30 10 20 10 20 10 20 30 10 20 20 10 20 10 10 20
00 00 00 20 10 20 10 10 30 20 10 10 30 20 20 10 20 00 00
00 00 00 00 00 20 20 20 20 30 10 10 30 10 20 00 00 00 00
00 00 00 00 00 10 10 10 20 10 20 30 10 00 00 00 00 00 00